1309
-4815
9832
-4260
-9022
2468
2832
-5726
-3469
4449
1859
-4254
8814
-8032
-8269
-2673
-1406
5638
2709
-2333
-2307
3993
1264
-1836
-1660
7160
-9643
-3711
-9016
-7963
-4753
3096
-6283
-3643
-6309
-9484
-436
-2232
-1031
9184
-1391
-1460
8161
-4028
-4759
2016
-4804
-7617
6848
5444
-2325
9168
5960
-3782
-8501
-8900
-7383
2455
-1571
-6166
9105
5432
-8322
-845
-2892
5246
-5922
-1192
2131
2452
-8721
-6315
6516
-6481
-2853
1492
2365
7927
-2789
1828
-2499
-8021
-2073
1165
-6938
-1790
-3000
9595
3363
-2193
6387
1700
-8599
-793
2746
-7098
4325
2598
-8581
-5232
6112
-3122
-5892
-1533
5282
-1361
-1830
-2021
-4175
976
1533
-2487
-5730
2276
-1137
-959
3806
-5186
-4722
-8996
-6049
7914
481
408
-8270
-5575
-6551
-772
-4495
-2111
7161
9474
924
-6244
-6328
-6920
-1692
-9801
3298
-4739
-2292
-752
-7291
-6478
6475
-8971
7981
5108
6680
4914
6792
-8474
-4960
-2095
-4784
-5363
-1287
-2727
-2729
-4740
3611
-5127
3777
-3527
-7569
1993
-6406
2072
-3713
-6769
-3297
-8826
-2376
-1282
-3457
8331
-3730
-7258
-4502
-1392
-7844
-9174
-1667
9598
2896
-5590
581
-8469
-8124
746
8487
-3024
-16
-6731
4762
698
-9826
-997
2137
3308
-6177
-4036
-7497
9403
-9445
-6746
5170
2650
-8593
-9344
-7350
2937
7153
-5558
-364
2512
-617
5565
5898
2393
5498
-5958
-2907
-4643
-3979
-160
-5361
2320
-8780
-8836
-2254
-6499
7272
903
-3085
-3899
4543
9069
8133
-9497
6931
-3252
-9990
-3268
579
2779
-7691
867
-801
1013
-4025
8225
-2458
395
-2281
236
8724
-993
6178
7359
-3687
4434
-2041
-8398
4133
-7942
-1126
7118
-6997
-8036
-7614
-8006
-3739
6191
8094
-2755
-7756
744
8137
-9731
4331
-6410
-3356
-5812
-4819
6473
9638
9220
-4843
2233
-1278
9842
9874
-2873
-9500
948
-8035
2172
1109
9691
-3129
-8838
9517
540
-1587
-6027
-6016
-8572
2256
5590
-1992
-4825
681
-9591
-5242
2366
-5193
-1477
-3237
6000
-2019
2489
-5679
-4814
-8918
-7327
495
1577
-3302
-43
7372
758
763
-4527
8530
-2667
6929
-1725
8552
1468
8862
-306
-4247
-6645
-4100
-7143
3738
-2684
-5202
-4856
411
-5192
-7305
8710
7130
5731
1097
-7608
-7825
-9316
-1216
8396
2439
6950
-1489
-1177
3063
4106
-741
-1215
-4611
2635
-7705
-2216
-154
-2418
-5680
-22
-283
2209
-2791
-1639
6543
416
394
-1432
1253
-6479
6453
9957
-1744
7697
-2952
6443
-660
-939
-6837
262
4165
1447
7377
3927
-2584
5432
2002
-7525
7859
6712
2026
-9369
5391
-4544
-6688
-2986
-8703
915
2238
4007
123
290
-6025
4160
-7753
-1868
8685
-5448
4901
-7962
-3017
3956
7524
-2286
-5603
-3600
-6960
-9938
-8891
1504
-6915
-7084
-9294
-7593
-8286
-376
-3635
-2169
2679
-5065
-7782
-7061
9888
-6371
6936
-1087
3371
811
5412
-5316
-262
8839
-1317
-806
-6533
-5421
-9274
2097
-5538
8114
-6963
2190
7911
1672
-4045
-3902
-9340
-5789
-9468
-7339
-6663
-41
-4536
2010
-3967
-5330
-7713
3248
5495
-4897
-2681
-2465
7186
-1731
-3809
-5153
-7502
7027
-7630
8418
-5093
878
-6196
-4720
-5090
6237
2354
6766
-4772
2869
-5266
-7068
6095
8472
-8369
2143
-478
-2376
-1036
-1451
-2878
919
94
-3000
9910
-1169
-3348
-4019
-237
-2183
-6290
-2963
3083
-662
-7504
-4438
8518
-6822
-7145
-9017
-7787
-8278
-2890
-6495
8418
6277
-1256
225
2348
-827
-7650
4087
1395
-8517
3949
-447
6061
-8505
-3575
8938
9507
8557
-9123
-7176
7033
-6900
-6436
-5977
-6646
-4857
1548
-8719
-3339
3815
2242
8817
-7589
-7517
-5111
4648
-6935
-1536
-185
-8511
-1134
-6670
3009
-3441
7584
1388
-4450
3487
-8306
-4136
-3319
-5075
-9713
-7457
1754
-4306
5903
-7444
-2950
-8297
4645
-6410
-1607
5661
-5185
-7715
-3476
-7460
2942
491
-7594
-2505
-5273
-921
-1312
-8035
-5321
-2201
-3951
1748
-4618
-4800
-1541
-1552
-2609
1127
-7276
-3738
-7168
-8077
804
5022
-6739
-9280
8580
1485
-4679
-6889
-5369
9764
2583
-1741
3154
-8798
-2883
-9185
-1998
-7086
-5894
-7520
1934
-9039
-7414
2577
1915
-7218
-536
-9679
-8657
3767
-7325
-5248
5399
5521
628
3496
-7732
552
-49
6780
-3132
3689
-7465
-3842
-5690
5132
7735
549
799
8054
-4656
8572
892
-9282
1644
9005
47
-3954
-2437
-9792
-8301
4138
1375
-5826
-9287
-3784
-6878
-4548
-9096
-9449
4904
7348
-119
-9581
-1782
8277
-8201
5851
4001
4222
-241
2000
-5567
-8312
-2944
-1502
-3384
-2879
4223
9556
-2377
-1120
2635
-4343
-7713
-8906
2226
-3912
-3552
1504
-3152
-8476
-3440
-5050
-3008
331
-5002
-7136
3533
-9414
-4799
-5067
-6837
-6359
-4331
-8409
-3452
-8635
-2108
-9900
-8586
1676
2750
7509
-1636
8951
-3829
-5812
5480
-8836
-971
-6499
4443
-9678
395
-4197
3279
1461
4804
-2139
6642
8908
801
8014
-647
-9399
9909
-5020
7473
2578
1576
-1108
5880
9501
8155
-4725
622
-7456
-9881
3755
-2840
3434
3082
-1476
-9980
2766
-702
-1639
-2272
-5570
-2180
-4628
-5298
-4483
6597
-2347
2274
2009
-9270
-8985
8846
-6098
2877
7762
-9742
6095
-8233
-1719
363
-7156
-7520
-4900
8469
-9140
-8152
2276
-6416
-6820
-896
-4534
-6150
-4180
-7516
-7263
-2266
2996
-5895
-6961
-1297
7422
-1734
7478
1667
3296
-5589
7055
7238
-1205
-9160
-8747
-7782
-9696
2393
-3165
1755
-1560
-3180
157
4359
2086
-792
2198
3524
5413
-665
3143
517
3513
9475
-5018
-1755
-1021
909
-5381
-3848
1076
-1029
-5109
5120
-1867
-7418
4152
-7196
-5656
-5282
-9108
-6115
-5626
-3945
-2735
-6444
2356
7494
-285
-8536
-9964
-6678
-4983
-8492
7123
-2036
-703
8880
-754
8075
-7617
-8266
2672
5681
-4532
5032
-5542
-3703
-8901
-4817
-4344
8949
-7492
-1591
1136
-4132
-9915
-3940
-786
-1824
2491
7981
-1984
7032
-6288
-4394
-3765
541
-4887
-6891
-7704
2973
-667
-8477
-9670
-616
-6467
932
-4226
-3220
-4090
1637
-4407
-3544
-2531
-2141
-2835
-1946
-2430
-4025
-4227
8415
-7228
-9316
-4656
-9769
-4031
-7528
-8855
-8262
-2362
-2657
9240
-2933
2043
615
-4739
-3208
1603
-7617
2669
-2925
6559
-9108
-6603
6011
2101
5907
-4827
-3486
-4399
-7840
-5273
-5526
4425
-4453
-6642
4784
997
-1792
-2730
7343
-2914
